,WTT,PTI,EQW,SBI,LQE,QWG,FDJ,PJF,HQE,NXJ,TARGET CLASS
29,1.3930812244387965,1.1935588288222074,0.7661703698390682,0.9611502455872886,1.2250383474584967,1.1299039373130295,0.6347566388130244,0.509353298145014,1.380974604723617,1.4062520058862673,1
30,1.372113751495482,1.120192480289185,0.4701868483174356,0.9614909849438997,0.9774075065156522,0.8906270085995646,1.2855781378365936,0.9039827854981932,1.362030113255802,1.5749672603625866,1
31,0.8140052893054539,0.596725790320938,0.3889306094236642,0.6266178302380991,0.6638187661948898,0.9849428449877609,0.778532197167443,0.8401999846686004,0.812727504347692,0.74104773701141,1
68,1.4427875810717772,0.9053188154665563,1.1586774074608104,0.575526208199218,1.196053845589798,0.6580823745850006,0.8378698821933868,0.7310676492111197,1.559117149981824,1.1518241319261635,1
93,1.5438916511455059,0.7975026801619354,0.575250080539996,0.47359403544415146,0.8918679213982079,0.7985383255476833,1.221142253569595,0.7896045482947187,1.1493506901577124,1.1946942472514115,1
94,1.1702131580472446,1.029377290750709,0.7251636409378696,0.2853076682410378,1.3149087438070282,1.080470616474003,0.8252994525384271,0.8447823517256912,1.1351724299078982,1.4531190569926724,1
120,0.9663830321664153,0.8157468363807532,0.7312963014448959,0.6766574976114089,0.9976901936134477,0.8653505440533659,0.9636657656722452,1.1288149780040413,1.5070883215869417,1.703548695882077,1
184,1.0945535210585182,0.9641115012703563,0.9410375769530488,0.46168971170086337,0.623568963463387,1.05006046717218,1.1667057310377495,0.7935983297224147,1.5024497414817262,1.4790224889118617,1
219,0.7170669000572836,0.7710419466480238,1.37833015803429,0.7567899671667437,1.0641955954656064,1.2093179406354069,1.582651761983707,1.3480065647208892,0.6321662802367101,1.1463348121179344,0
220,0.8172408660934146,1.3534983974184462,0.4149656206807839,0.7307213641063903,0.9274220317657927,1.1310117431346245,1.2602628152858537,1.2448770725817004,1.251112686916761,1.462245648679061,0
307,1.17379891342317,0.9353328918128221,1.012681697012903,0.5944244346739069,1.0841386579656076,0.349889734858128,0.7348682315724955,1.0338798909201126,1.4163389845421495,1.3556068276734783,1
308,0.983674846226327,1.1288638745272657,0.6640322601183921,0.9073649110818486,0.523139535663359,0.7922595388715984,0.7739099814271407,0.5692861646869343,1.5424099546251184,1.245520557823719,1
309,1.2031417788651364,1.0401549616666963,0.9802465515947834,0.432341431398339,1.2552190188481671,1.2118350331707315,0.704246753407779,0.5232154684029933,1.0017382710486438,1.4579161764075925,1
310,0.9438266015143157,0.7538188273757542,1.0867588014628269,0.9671999544488123,0.7850311460773784,1.2539481136037096,0.4550913569882715,0.7540532626153649,1.668919270044048,1.1098497959648241,1
455,0.6520213747204906,1.175420968193463,0.966905468149341,0.4752630662312557,1.092790922333936,1.3312553502985642,1.0253065525769869,1.5602766947938762,0.6572227489671941,1.1459704080973836,0
456,1.000970655307833,0.9385106341092856,0.41938636756314174,0.8493302224468331,0.9238051689961165,0.47979939610679023,0.907595614383899,0.8771942899387981,1.5043788165312055,1.2863082598153124,1
457,1.3205036118982878,1.072431912732015,0.5192088368762315,0.5112720741278924,1.0861550576891807,0.7998944819798723,0.9420289472655013,0.9939390023296479,1.4677727524262572,1.3903104992760285,1
458,1.0648279005581656,1.3405741920649739,1.0149711243125874,0.6879028672162345,0.6305278809865866,0.6824195874916691,1.2883455176664946,1.079653982109937,1.5117224598626344,1.4398443732322408,1
459,0.8623070855983206,0.9316707420249327,0.5541901030569023,0.6036573375667493,0.9076426144410392,0.8695696307476951,1.0628623071829177,1.1856005907969083,1.3650556194262171,1.6506389024776311,1
553,1.3738921667828206,0.7163026387389979,1.5546189393783056,0.8363022939025164,0.600778485043648,1.0263307339760641,1.17149994967536,0.6329060705832846,0.9382146514800097,1.3424362821497478,1
636,0.7632625667189931,1.1476567769633248,1.676862258995203,0.8404896327987277,0.6566836725483227,1.079122105017976,0.9746993402819053,1.2430811304269633,0.9458846738802708,1.5017801838786593,0
637,0.8911845135981743,1.3149130252882923,0.8725332864632367,0.40347028363647963,1.3363865161882686,0.5452503624816771,1.1790596821646617,1.2486429854907741,0.8360294023446131,1.275986102649822,0
638,1.0144252467835728,1.37452833495087,1.0029051910748323,0.5499482935277828,1.6412024318237832,0.8993696025767375,0.607387505825572,0.8396277486114692,0.9186747414154603,1.2218576056775943,0
834,0.6070182661565505,1.0494621032723515,0.582840721926795,0.7206844359611367,1.040055712130952,0.892500777728098,0.49017732347153853,1.2326402577874018,0.5706748049349577,1.282061150428971,0
835,0.9456163117638798,1.0993305447715591,1.173251546074993,0.596574728101226,1.4635877758031026,1.151821203257189,1.379120297133477,0.7673138262834189,0.909925119879496,1.591993214747058,0
836,0.8894930436682236,1.0575629490601721,0.5518451124066819,0.41849052601403836,0.6983500152559594,1.1585952483925246,0.9592029257021248,0.5684481519736142,1.0152533460846507,1.3757651106832216,1
837,0.9941716421714969,1.2398417027742756,0.9109329047284018,1.1240708971552216,0.5205263787832831,1.2087232874726679,0.8873553625183194,1.0951708341799278,1.0305164391951382,1.7892892585137812,0
890,0.4712018490940373,1.1100853761907528,0.7097281450754689,1.1551801237289132,0.8744026155845579,1.077806146115476,1.4025104626874527,1.019237237278449,1.330282888291324,1.5537283408596214,0
891,1.379221474290163,1.0272694790724903,0.7666099638394828,0.5887338836937164,0.846626395707232,1.2267978373170036,0.8715774055212735,0.6071618615598008,1.568282461562306,1.2512307268968148,1
946,0.7979724713187071,1.3805139733353287,1.045968468831577,1.035717231811022,1.0937573645472662,1.3357215080353373,1.5330368765592612,1.2472111073247099,1.3346860305695554,1.4819226246992256,0
999,0.837459538491111,0.9611835227900102,0.41700598787723964,0.799784481383052,0.9343990289413608,0.4247624944010465,0.7782343493798799,0.9079618696419738,1.2571899758368297,1.3648372613182205,1